Explosion1
- Delay -
active: false
- Duration - 
lowMin: 1700.0
lowMax: 1700.0
- Count - 
min: 0
max: 200
- Emission - 
lowMin: 0.0
lowMax: 0.0
highMin: 250.0
highMax: 250.0
relative: false
scalingCount: 4
scaling0: 0.0
scaling1: 1.0
scaling2: 0.93877554
scaling3: 0.0
timelineCount: 4
timeline0: 0.0
timeline1: 0.04109589
timeline2: 0.09589041
timeline3: 0.23287672
- Life - 
lowMin: 0.0
lowMax: 0.0
highMin: 500.0
highMax: 850.0
relative: false
scalingCount: 3
scaling0: 1.0
scaling1: 0.9591837
scaling2: 0.48979592
timelineCount: 3
timeline0: 0.0
timeline1: 0.77397263
timeline2: 1.0
- Life Offset - 
active: false
- X Offset - 
active: false
- Y Offset - 
active: false
- Spawn Shape - 
shape: point
- Spawn Width - 
lowMin: 0.0
lowMax: 0.0
highMin: 0.0
highMax: 0.0
relative: false
scalingCount: 1
scaling0: 1.0
timelineCount: 1
timeline0: 0.0
- Spawn Height - 
lowMin: 0.0
lowMax: 0.0
highMin: 0.0
highMax: 0.0
relative: false
scalingCount: 1
scaling0: 1.0
timelineCount: 1
timeline0: 0.0
- Scale - 
lowMin: 0.0
lowMax: 0.0
highMin: 2.0
highMax: 8.0
relative: false
scalingCount: 4
scaling0: 0.30612245
scaling1: 0.97959185
scaling2: 0.8367347
scaling3: 0.46938777
timelineCount: 4
timeline0: 0.0
timeline1: 0.1369863
timeline2: 0.2739726
timeline3: 1.0
- Velocity - 
active: true
lowMin: 0.0
lowMax: 0.0
highMin: 200.0
highMax: 1500.0
relative: false
scalingCount: 2
scaling0: 1.0
scaling1: 0.42857143
timelineCount: 2
timeline0: 0.0
timeline1: 0.3219178
- Angle - 
active: true
lowMin: 0.0
lowMax: 0.0
highMin: 0.0
highMax: 360.0
relative: false
scalingCount: 3
scaling0: 1.0
scaling1: 1.0
scaling2: 1.0
timelineCount: 3
timeline0: 0.0
timeline1: 0.49315068
timeline2: 0.9726027
- Rotation - 
active: true
lowMin: 0.0
lowMax: 0.0
highMin: 0.0
highMax: 320.0
relative: false
scalingCount: 2
scaling0: 1.0
scaling1: 0.9183673
timelineCount: 2
timeline0: 0.0
timeline1: 0.8561644
- Wind - 
active: false
- Gravity - 
active: false
- Tint - 
colorsCount: 18
colors0: 1.0
colors1: 0.8509804
colors2: 0.5137255
colors3: 1.0
colors4: 0.42352942
colors5: 0.07450981
colors6: 1.0
colors7: 0.84705883
colors8: 0.14901961
colors9: 0.12941177
colors10: 0.2627451
colors11: 0.8862745
colors12: 0.4392157
colors13: 0.0
colors14: 0.7058824
colors15: 0.5686275
colors16: 0.023529412
colors17: 0.50980395
timelineCount: 6
timeline0: 0.0
timeline1: 0.09780776
timeline2: 0.29342327
timeline3: 0.5581787
timeline4: 0.7740303
timeline5: 1.0
- Transparency - 
lowMin: 0.0
lowMax: 0.0
highMin: 1.0
highMax: 1.0
relative: false
scalingCount: 4
scaling0: 0.0
scaling1: 1.0
scaling2: 0.75
scaling3: 0.0
timelineCount: 4
timeline0: 0.0
timeline1: 0.2
timeline2: 0.8
timeline3: 1.0
- Options - 
attached: false
continuous: false
aligned: false
additive: true
behind: false
- Image Path -
particle2.png
